====PTG===
Rates: 
0 0 0 2 3 1 
Transitions: 
-1	-1	-1	-1	-1	-1	
-1	-1	0	4	3	1	
1	0	-1	1	-1	-1	
-1	-1	3	-1	1	3	
0	-1	-1	3	-1	-1	
3	-1	3	4	-1	-1	
Owners: 
1 1 0 1 1 1 
Constraints: 
[-1,-1]	[-1,-1]	[-1,-1]	[-1,-1]	[-1,-1]	[-1,-1]	
[-1,-1]	[-1,-1]	[0,1]	[0,1]	[0,1]	[0,1]	
[0,1]	[0,1]	[-1,-1]	[0,1]	[-1,-1]	[-1,-1]	
[-1,-1]	[-1,-1]	[0,1]	[-1,-1]	[0,1]	[0,1]	
[0,1]	[-1,-1]	[-1,-1]	[0,1]	[-1,-1]	[-1,-1]	
[0,1]	[-1,-1]	[0,1]	[0,1]	[-1,-1]	[-1,-1]	
Resets: 
0	0	0	0	0	0	
0	0	0	0	0	0	
0	0	0	0	0	0	
0	0	0	0	0	0	
0	0	0	0	0	0	
0	0	0	0	0	0