====PTG===
Rates: 
0 120 150 100 50 80 100 85 
Transitions: 
-1	-1	-1	-1	-1	-1	-1	-1	
-1	-1	0	-1	-1	-1	-1	0	
0	-1	-1	-1	-1	-1	-1	-1	
0	-1	-1	-1	-1	-1	-1	-1	
-1	8	-1	-1	-1	-1	15	-1	
-1	-1	-1	-1	0	-1	-1	-1	
-1	-1	-1	0	-1	0	-1	-1	
-1	-1	-1	-1	0	-1	-1	-1	
Owners: 
1 1 0 0 0 1 1 1 
Constraints: 
[-1,-1]	[-1,-1]	[-1,-1]	[-1,-1]	[-1,-1]	[-1,-1]	[-1,-1]	[-1,-1]	
[-1,-1]	[-1,-1]	[0,1]	[-1,-1]	[-1,-1]	[-1,-1]	[-1,-1]	[0,1]	
[0,1]	[-1,-1]	[-1,-1]	[-1,-1]	[-1,-1]	[-1,-1]	[-1,-1]	[-1,-1]	
[0,1]	[-1,-1]	[-1,-1]	[-1,-1]	[-1,-1]	[-1,-1]	[-1,-1]	[-1,-1]	
[-1,-1]	[0,1]	[-1,-1]	[-1,-1]	[-1,-1]	[-1,-1]	[0,1]	[-1,-1]	
[-1,-1]	[-1,-1]	[-1,-1]	[-1,-1]	[0,1]	[-1,-1]	[-1,-1]	[-1,-1]	
[-1,-1]	[-1,-1]	[-1,-1]	[0,1]	[-1,-1]	[0,1]	[-1,-1]	[-1,-1]	
[-1,-1]	[-1,-1]	[-1,-1]	[-1,-1]	[0,1]	[-1,-1]	[-1,-1]	[-1,-1]	
Resets: 
0	0	0	0	0	0	0	0	
0	0	0	0	0	0	0	0	
0	0	0	0	0	0	0	0	
0	0	0	0	0	0	0	0	
0	0	0	0	0	0	0	0	
0	0	0	0	0	0	0	0	
0	0	0	0	0	0	0	0	
0	0	0	0	0	0	0	0	

