====PTG===
Rates: 
0 8 9 8 0 10 
Transitions: 
-1	-1	-1	-1	-1	-1	
1	-1	4	10	9	8	
10	-1	-1	-1	0	8	
4	-1	-1	-1	-1	-1	
2	-1	-1	7	-1	8	
10	-1	-1	1	7	-1	
Owners: 
1 1 1 0 0 1 
Constraints: 
[-1,-1]	[-1,-1]	[-1,-1]	[-1,-1]	[-1,-1]	[-1,-1]	
[0,1]	[-1,-1]	[0,1]	[0,1]	[0,1]	[0,1]	
[0,1]	[-1,-1]	[-1,-1]	[-1,-1]	[0,1]	[0,1]	
[0,1]	[-1,-1]	[-1,-1]	[-1,-1]	[-1,-1]	[-1,-1]	
[0,1]	[-1,-1]	[-1,-1]	[0,1]	[-1,-1]	[0,1]	
[0,1]	[-1,-1]	[-1,-1]	[0,1]	[0,1]	[-1,-1]	
Resets: 
0	0	0	0	0	0	
0	0	0	0	0	0	
0	0	0	0	0	0	
0	0	0	0	0	0	
0	0	0	0	0	0	
0	0	0	0	0	0	

