====PTG===
Rates: 
0 10 3 9 9 5 
Transitions: 
-1	-1	-1	-1	-1	-1	
10	-1	-1	-1	2	7	
8	6	-1	-1	2	3	
2	-1	-1	-1	-1	-1	
-1	2	-1	0	-1	2	
-1	4	0	3	0	-1	
Owners: 
1 1 1 0 1 1 
Constraints: 
[-1,-1]	[-1,-1]	[-1,-1]	[-1,-1]	[-1,-1]	[-1,-1]	
[0,1]	[-1,-1]	[-1,-1]	[-1,-1]	[0,1]	[0,1]	
[0,1]	[0,1]	[-1,-1]	[-1,-1]	[0,1]	[0,1]	
[0,1]	[-1,-1]	[-1,-1]	[-1,-1]	[-1,-1]	[-1,-1]	
[-1,-1]	[0,1]	[-1,-1]	[0,1]	[-1,-1]	[0,1]	
[-1,-1]	[0,1]	[0,1]	[0,1]	[0,1]	[-1,-1]	
Resets: 
0	0	0	0	0	0	
0	0	0	0	0	0	
0	0	0	0	0	0	
0	0	0	0	0	0	
0	0	0	0	0	0	
0	0	0	0	0	0	

